
strategic_region={
	id=227
	name="STRATEGICREGION_227"
	provinces={
		2314 2331 2342 2347 2350 2352 2365 2366 2369 2377 2389 2411 2413 2428 2436 2463 2471 2479 2480 2488 2511 2513 2523 2544 2578 2593 2607 2609 2612 2635 2646 2648 2697 2702 2716 2755 2785 2814 2837 2857 2862 2868 2869 2874 2893 2911 2929 2941 2952 2953 2964 2968 2972 2988 2994 2999 3000 3012 3020 3022 3023 3063 3064 3070 3075 3081 3092 3113 3117 3125 3129 3139 3154 3158 3176 3184 3185 3203 3207 3239 3253 3264 3269 3279 3355 3368 3385 3386 3398 3399 3408 3490 3524 3527 3528 3538 3552 3555 
	}
	weather={
	}
}
