
strategic_region={
	id=268
	name="STRATEGICREGION_268"
	provinces={
		2330 2341 2354 2356 2357 2371 2406 2437 2439 2444 2455 2464 2465 2470 2484 2485 2486 2508 2530 2536 2540 2552 2556 2569 2580 2584 2601 2608 2613 2633 2642 2649 2655 2659 2661 2666 2681 2725 2743 2757 2758 2764 2772 2777 2808 2829 2836 2865 2900 2907 2910 2923 2928 2955 2958 3076 3078 3090 3093 3124 3133 3134 3140 3151 3157 3163 3175 3182 3187 3196 3227 3234 3241 3243 3251 3252 3277 3282 3292 3314 3323 3334 3365 3366 3377 3381 3383 3410 3426 3429 3432 3444 3447 3534 3539 3542 3545 3547 3548 3549 3550 
	}
	weather={
	}
}
